0:
##
##
##

1:
###
###

2:
##
##
.#

3:
.#.
###
.#.

4:
###
#..
###

5:
#.#
###
#.#

44x47: 55 55 55 27 27 28
45x49: 36 36 36 36 146 36
40x39: 43 42 42 21 21 21
37x38: 53 53 35 17 17 18
45x50: 69 70 70 34 34 35
50x46: 92 92 61 30 30 30
39x40: 19 20 20 59 60 60
40x38: 23 23 22 22 90 22
39x42: 52 52 52 26 26 26
41x46: 65 64 43 21 22 22
37x45: 19 19 19 57 57 57
44x45: 54 54 54 26 27 26
47x41: 36 35 35 143 35 35
47x36: 30 31 30 123 30 31
38x40: 22 22 22 21 87 22
40x49: 22 21 21 65 66 65
37x38: 22 22 23 91 22 22
39x50: 32 32 32 131 33 33
45x40: 48 48 48 24 24 24
50x49: 79 78 79 39 39 39
39x39: 17 16 16 50 51 50
38x49: 71 71 48 23 23 23
41x40: 65 65 43 21 21 22
50x46: 71 71 71 35 35 35
41x37: 58 58 39 19 19 19
45x41: 32 33 33 134 33 33
49x36: 26 26 26 26 105 26
38x46: 19 20 19 60 60 60
50x48: 40 40 39 161 39 40
37x42: 19 20 19 59 59 59
36x50: 20 20 20 62 62 62
36x36: 47 48 31 15 15 16
46x37: 66 66 44 22 21 22
47x38: 29 29 29 117 29 29
36x50: 30 30 29 120 30 29
42x40: 64 64 42 21 21 21
45x38: 55 55 55 28 27 28
41x39: 49 50 50 25 24 25
46x39: 64 64 42 21 21 21
44x41: 64 65 43 21 21 21
50x42: 34 34 34 34 139 34
43x49: 66 66 66 32 33 33
39x48: 30 29 30 120 30 30
44x42: 59 59 59 29 29 29
48x41: 57 58 58 29 28 29
40x42: 52 52 51 25 26 25
39x46: 55 55 55 27 27 27
47x36: 64 64 43 21 21 21
48x40: 74 75 49 25 24 25
45x50: 73 72 48 24 24 24
46x48: 81 80 54 26 26 27
37x42: 45 46 46 23 23 22
44x44: 61 60 61 30 31 30
47x36: 30 30 30 121 30 30
38x49: 27 26 26 27 107 27
42x46: 73 73 48 24 24 24
50x45: 70 70 70 35 35 35
39x47: 31 30 31 31 124 31
36x38: 53 53 35 17 18 17
43x48: 65 65 64 32 32 32
37x47: 52 52 52 25 26 26
44x40: 56 57 57 28 28 28
36x45: 27 26 27 107 26 26
47x49: 72 72 72 36 35 36
41x37: 16 17 16 50 50 50
41x40: 51 51 51 26 25 25
48x41: 22 22 22 67 67 67
41x47: 57 57 57 29 28 28
41x48: 63 63 42 21 21 21
49x38: 28 28 28 28 112 28
43x47: 72 73 48 24 24 24
40x43: 65 65 44 21 21 22
42x43: 21 20 21 63 62 63
41x41: 63 64 43 21 21 21
36x49: 67 67 44 22 22 22
46x49: 86 86 58 29 28 29
37x50: 34 34 34 139 35 35
39x41: 52 52 52 26 26 25
42x40: 67 67 44 22 21 22
47x39: 58 58 57 29 29 28
50x47: 91 92 61 30 30 31
40x40: 52 52 51 26 26 26
38x40: 47 48 47 23 23 23
40x48: 73 73 48 24 24 24
39x44: 65 65 43 21 22 22
46x47: 27 27 27 81 81 82
46x41: 50 50 50 24 24 25
40x44: 31 32 32 129 32 32
37x49: 57 57 57 28 29 28
48x39: 21 21 21 64 64 63
36x40: 57 58 38 19 18 19
37x44: 24 24 24 24 97 24
38x37: 43 43 44 21 22 22
42x49: 63 64 64 32 31 32
41x43: 68 68 45 23 22 23
45x38: 47 46 47 23 23 23
39x38: 56 56 37 18 19 18
40x39: 52 52 35 17 17 17
36x38: 54 54 35 17 18 18
50x37: 63 63 42 21 21 20
45x42: 52 51 52 26 26 26
45x49: 71 70 70 35 35 35
43x46: 77 77 51 26 25 26
41x41: 52 52 52 26 26 26
47x47: 68 69 69 34 34 33
46x40: 27 27 27 27 109 27
41x41: 31 31 30 123 31 30
41x38: 49 49 49 24 24 24
36x39: 39 39 39 19 19 20
38x50: 69 70 46 23 23 22
47x41: 52 51 51 25 25 26
38x48: 54 54 54 27 27 27
49x37: 70 71 47 23 23 23
44x43: 67 66 44 22 22 22
37x47: 60 60 40 20 20 20
47x38: 29 30 29 119 29 29
44x36: 61 60 40 19 20 19
47x39: 27 26 26 27 107 26
37x42: 17 17 17 53 52 52
37x37: 53 54 36 17 18 17
38x38: 45 45 45 22 22 22
49x50: 76 75 75 37 38 37
38x37: 45 46 46 23 23 22
50x41: 63 63 63 31 32 31
37x41: 48 48 48 24 24 24
39x48: 67 67 45 22 23 22
37x36: 22 22 21 22 88 21
41x36: 47 47 47 24 23 23
50x45: 26 26 26 79 78 78
37x41: 40 40 41 20 20 20
43x36: 42 42 42 21 21 20
48x42: 30 30 30 30 120 29
46x49: 79 79 52 26 26 26
46x42: 75 75 50 25 25 25
44x40: 69 69 46 23 22 22
37x36: 40 41 40 20 21 21
38x45: 56 56 56 28 28 28
45x39: 19 20 19 60 60 60
37x43: 46 46 47 23 23 23
44x46: 74 74 49 24 24 24
38x48: 69 69 46 23 23 23
45x36: 64 64 43 21 21 20
45x41: 60 60 39 19 20 19
43x47: 79 79 53 25 26 26
42x36: 60 59 39 20 20 20
36x42: 24 24 24 98 25 24
48x37: 67 67 45 22 22 22
47x39: 27 27 26 26 107 26
44x41: 56 57 56 28 28 28
48x45: 59 58 58 29 29 29
40x42: 55 55 37 17 17 18
38x36: 20 20 19 19 81 20
37x48: 55 55 55 27 27 27
44x43: 61 61 40 20 20 20
44x42: 73 73 49 24 24 24
37x39: 21 21 21 21 85 21
42x43: 21 21 21 62 63 63
44x36: 25 25 25 25 102 25
50x50: 69 69 69 34 34 35
43x45: 22 22 22 67 67 67
49x38: 66 66 43 22 21 22
40x43: 68 67 45 22 22 22
47x45: 84 84 55 27 27 28
46x38: 66 65 44 21 21 21
42x49: 81 82 54 27 27 27
36x48: 28 27 28 112 28 27
36x46: 52 52 52 25 26 26
36x45: 50 49 50 25 24 24
43x44: 73 73 49 23 24 24
44x36: 61 60 40 20 20 19
47x36: 52 53 52 26 26 26
43x36: 50 50 50 25 24 25
44x45: 75 75 50 25 25 25
40x42: 65 64 43 21 21 21
40x38: 48 48 48 23 24 23
48x50: 73 74 73 37 37 37
43x39: 59 59 39 19 19 19
38x47: 57 57 57 28 28 28
41x36: 18 18 19 56 56 56
36x44: 51 50 51 25 25 25
45x44: 36 36 36 146 36 36
38x48: 59 59 59 29 30 29
47x38: 57 57 57 28 28 28
37x42: 41 41 41 20 20 20
47x49: 26 26 26 80 80 80
50x49: 97 97 65 32 32 32
43x48: 82 82 54 27 27 27
37x45: 53 53 52 26 26 26
40x45: 70 70 47 23 23 23
39x49: 74 74 49 24 25 24
45x45: 64 65 64 31 32 32
44x46: 65 65 65 32 32 32
42x49: 82 82 54 27 27 27
38x42: 27 27 26 107 27 26
45x36: 52 52 52 26 25 26
50x46: 87 88 58 29 29 28
41x37: 22 22 23 23 91 22
37x36: 17 17 17 51 51 51
39x50: 21 21 22 64 65 65
47x38: 20 20 20 59 60 60
38x36: 37 37 37 18 19 18
49x37: 57 57 58 28 28 28
43x48: 66 67 67 34 33 33
44x36: 26 26 26 26 103 25
47x39: 54 55 55 27 26 27
47x41: 33 32 33 130 32 33
49x38: 57 58 58 28 28 29
42x44: 70 70 47 23 23 23
40x45: 29 30 29 119 30 29
41x45: 28 28 28 28 112 28
50x36: 58 58 58 29 29 29
43x39: 19 19 19 58 58 58
45x50: 40 41 40 163 41 41
42x49: 67 66 67 33 33 33
44x41: 23 24 23 71 71 70
46x39: 58 57 57 28 29 29
46x43: 78 78 52 26 25 26
37x43: 19 18 18 55 55 55
39x49: 75 75 50 25 25 24
48x49: 92 92 61 31 31 31
37x47: 67 67 45 22 23 22
43x45: 62 63 62 31 31 31
41x48: 61 61 62 30 30 31
49x47: 79 79 52 27 26 26
47x48: 88 89 59 30 29 29
37x39: 21 20 20 20 83 20
38x40: 50 50 33 17 16 16
46x41: 59 59 60 29 29 30
36x48: 54 53 53 27 26 27
42x49: 63 63 64 31 31 32
43x39: 25 25 25 25 101 25
38x40: 59 59 39 20 19 19
37x50: 26 26 26 27 106 26
37x50: 57 57 57 29 28 28
48x48: 74 74 74 37 37 37
42x47: 34 34 33 33 134 33
48x44: 81 81 54 27 26 26
46x40: 34 34 34 138 34 34
36x39: 43 43 43 21 21 21
39x43: 53 53 52 26 26 26
36x39: 37 38 37 18 18 19
45x46: 34 33 34 34 137 33
37x47: 57 56 56 28 28 28
46x43: 62 62 62 31 30 30
40x46: 54 53 54 27 27 27
50x38: 51 51 51 25 26 25
48x43: 37 37 38 150 37 37
45x42: 65 65 43 21 22 21
41x44: 69 69 46 23 23 23
46x39: 57 57 57 28 28 28
48x42: 64 63 63 31 31 32
45x39: 55 54 55 27 27 27
37x39: 55 55 36 18 17 18
39x37: 56 55 37 18 18 18
45x44: 63 63 63 31 31 31
42x47: 65 65 44 22 21 21
44x42: 51 52 52 26 26 26
37x45: 52 52 52 25 26 26
41x40: 18 19 19 56 56 56
46x38: 68 69 46 23 22 23
39x46: 62 61 41 20 20 20
45x39: 54 54 54 27 27 27
45x37: 27 27 27 110 27 27
50x40: 26 25 26 78 78 78
41x36: 55 56 37 19 18 19
41x41: 52 53 52 26 26 25
37x46: 49 50 49 24 24 24
47x37: 56 56 57 28 28 28
45x45: 34 34 34 138 34 35
43x38: 23 23 23 23 95 24
44x49: 85 85 57 28 28 28
39x42: 52 53 35 17 17 18
45x50: 38 38 38 153 37 38
38x38: 23 23 23 23 93 23
47x40: 27 28 27 28 113 28
48x37: 48 48 47 23 24 23
38x45: 65 65 43 22 21 21
50x48: 81 82 54 27 27 27
40x45: 29 30 30 121 30 30
40x36: 51 50 33 16 16 16
50x46: 73 74 49 24 24 25
39x44: 55 55 56 28 28 28
43x41: 26 25 25 25 103 25
39x46: 69 68 45 23 22 22
40x47: 21 21 20 64 64 63
39x36: 23 23 23 94 23 23
42x45: 27 28 28 28 113 28
46x48: 84 84 56 28 27 28
43x46: 77 77 52 26 26 26
43x43: 49 49 49 24 24 24
37x42: 25 25 25 101 24 25
44x49: 68 68 68 33 34 34
44x40: 69 69 46 23 23 23
36x49: 29 30 29 118 29 29
42x43: 68 69 45 22 22 23
39x45: 19 19 19 58 58 58
37x44: 44 44 44 22 22 22
39x36: 51 51 34 16 17 17
42x42: 57 57 57 28 28 28
47x41: 61 61 61 30 31 30
49x49: 86 85 56 28 28 28
46x47: 27 27 27 82 82 83
44x38: 53 53 53 27 27 27
46x41: 30 30 30 121 30 30
46x45: 26 25 26 78 77 77
49x46: 68 67 68 33 33 34
44x47: 66 66 66 32 33 32
43x42: 52 53 52 26 26 26
48x39: 30 30 30 30 122 30
44x40: 29 30 29 119 29 30
45x43: 60 60 60 30 30 30
39x36: 24 23 24 95 23 23
42x43: 51 50 51 25 26 26
41x46: 71 71 47 24 23 24
38x49: 58 57 58 28 29 29
44x39: 62 61 40 20 20 20
45x37: 51 51 52 26 26 26
37x48: 34 33 33 134 34 34
45x49: 25 26 25 76 76 76
42x39: 50 51 50 25 25 25
37x43: 46 46 46 23 23 23
40x38: 48 49 48 24 24 24
44x38: 27 27 27 27 109 27
46x49: 88 88 59 28 29 29
37x42: 49 49 49 24 24 24
41x43: 67 67 45 22 22 22
38x47: 67 68 45 23 23 23
41x36: 58 58 38 19 19 19
46x49: 33 33 33 33 131 32
46x43: 24 25 24 74 74 74
39x47: 26 27 27 27 108 26
46x49: 71 71 72 36 35 35
38x48: 58 57 58 28 28 28
42x42: 54 54 54 27 27 27
43x50: 86 85 58 28 29 28
44x48: 34 33 34 136 34 34
45x45: 76 76 50 25 25 25
44x50: 41 40 41 163 41 40
44x43: 60 60 60 30 30 30
45x42: 27 27 27 27 109 27
43x40: 25 25 25 25 102 25
40x48: 60 60 60 30 30 30
42x49: 31 30 30 31 124 31
50x50: 86 86 57 29 28 29
41x42: 46 46 47 23 23 23
46x40: 51 51 51 25 26 25
36x37: 20 20 19 20 79 19
38x49: 59 59 59 29 28 28
46x37: 52 52 53 26 26 26
38x43: 20 20 20 61 60 60
47x44: 29 29 29 30 120 30
40x38: 29 29 28 115 28 28
37x49: 29 29 29 117 29 29
47x45: 34 34 34 138 34 34
46x38: 66 66 44 22 22 21
49x43: 81 81 53 26 27 27
39x37: 24 23 23 97 24 24
47x46: 27 27 27 82 81 81
42x37: 48 47 48 24 24 23
40x48: 31 32 31 126 31 32
48x38: 21 21 20 64 64 64
46x38: 19 19 20 59 59 59
41x46: 32 31 32 31 127 32
39x42: 64 64 42 21 21 21
45x47: 82 83 55 27 28 27
40x39: 60 60 40 19 20 20
45x44: 70 69 46 23 22 22
45x46: 79 79 53 26 26 26
49x46: 71 71 70 35 35 35
43x39: 31 32 31 128 32 31
47x46: 70 70 70 34 35 34
45x46: 39 39 39 157 39 39
48x49: 81 81 54 26 26 26
41x39: 28 28 29 116 28 28
45x38: 32 32 32 129 32 32
39x49: 64 64 43 21 21 21
43x42: 30 29 30 118 29 29
47x39: 27 27 26 27 108 27
46x43: 75 75 50 24 24 25
39x43: 66 65 43 21 22 21
46x42: 56 56 55 27 27 28
44x42: 57 57 57 28 29 28
36x49: 55 54 54 27 27 27
47x37: 69 69 46 23 23 22
42x47: 69 69 45 23 23 23
38x37: 55 55 37 18 18 18
48x40: 60 60 60 30 30 30
42x42: 56 56 56 27 28 28
47x39: 21 21 21 63 62 63
50x38: 53 52 52 27 27 26
43x43: 27 27 28 28 111 27
37x50: 71 71 47 23 24 23
39x45: 28 29 28 28 114 28
36x41: 40 39 39 19 20 19
43x36: 25 25 25 101 25 25
42x38: 51 51 51 26 25 26
43x47: 63 63 63 32 32 31
37x39: 45 46 46 23 22 22
38x40: 41 41 41 20 20 20
36x44: 26 26 25 26 105 26
47x48: 88 89 59 29 29 29
39x39: 16 17 17 50 51 51
43x37: 19 19 20 60 60 60
39x50: 63 63 64 32 32 31
36x42: 19 19 18 57 57 57
41x40: 62 62 41 21 20 20
41x50: 70 70 47 23 22 23
47x40: 73 73 48 25 24 24
41x41: 59 59 39 20 19 19
38x40: 21 21 22 21 87 22
47x49: 71 71 72 35 35 35
50x44: 71 71 72 35 35 36
44x48: 59 59 59 29 29 29
38x39: 58 59 39 19 19 20
45x46: 65 65 65 32 32 32
38x48: 65 66 44 21 22 22
50x36: 68 68 46 23 23 23
50x46: 77 77 51 25 25 25
37x50: 66 67 44 22 22 22
42x38: 62 62 41 21 20 20
45x39: 68 67 45 22 22 23
39x45: 29 29 29 119 29 30
50x37: 54 54 54 26 26 27
37x37: 24 24 24 99 25 24
41x48: 61 61 60 30 30 30
42x37: 25 25 25 102 25 25
50x47: 74 74 74 36 37 36
47x49: 37 37 37 37 150 37
36x50: 58 57 57 28 29 28
41x45: 31 31 31 31 126 31
38x42: 63 63 42 21 20 21
42x47: 71 71 47 24 24 23
44x47: 29 29 30 30 120 30
37x48: 49 49 49 25 24 25
45x47: 24 25 24 74 74 74
41x41: 24 25 24 25 101 24
38x38: 45 45 44 22 22 22
40x40: 26 27 26 107 26 27
36x50: 57 58 57 29 29 29
46x49: 62 63 62 31 31 31
41x47: 75 75 49 25 25 25
39x48: 31 32 31 31 128 31
45x44: 64 64 43 21 21 21
43x41: 33 33 33 134 34 33
39x50: 29 29 29 29 117 28
50x43: 24 25 25 74 75 74
36x48: 56 56 56 28 27 28
50x50: 79 80 79 39 39 39
42x45: 62 61 41 21 20 20
46x39: 58 58 58 28 29 29
46x39: 70 70 47 23 23 23
42x44: 51 51 52 26 25 25
41x47: 76 76 50 25 25 25
38x36: 43 44 43 21 22 22
43x45: 74 74 49 24 24 24
46x48: 69 69 69 34 34 34
43x43: 59 60 59 29 29 30
40x50: 23 23 23 69 69 69
50x43: 36 36 36 36 145 36
41x38: 61 62 41 20 20 20
46x38: 66 67 44 22 22 22
36x39: 44 45 44 22 22 22
41x41: 54 54 53 26 27 27
42x43: 64 64 42 21 21 21
45x50: 73 73 73 36 36 36
44x43: 63 63 42 21 21 21
50x36: 27 27 27 27 109 27
40x44: 47 47 48 23 24 23
36x43: 25 26 25 26 102 25
36x41: 56 57 37 18 19 19
44x36: 62 62 41 21 20 21
36x39: 21 20 21 20 82 21
48x47: 71 70 71 35 35 35
42x40: 19 19 20 58 58 58
37x50: 70 70 46 23 23 23
50x37: 71 72 47 24 24 23
38x50: 61 61 40 20 20 20
39x39: 59 59 40 20 19 19
50x39: 76 76 50 25 25 25
49x36: 68 68 45 22 22 23
44x37: 46 47 47 23 23 23
46x47: 86 85 57 28 28 29
46x47: 85 85 56 28 28 28
37x36: 43 42 42 21 21 21
44x48: 69 68 68 34 34 34
41x40: 24 24 24 24 98 24
46x49: 73 72 48 24 24 23
49x43: 66 66 66 32 32 32
39x50: 21 21 22 65 65 65
46x38: 57 56 56 28 28 28
38x38: 46 47 47 23 23 23
48x50: 81 82 54 27 27 27
44x38: 55 54 36 18 17 17
43x42: 27 26 26 26 106 26
49x49: 88 88 58 29 29 29
44x45: 62 62 63 31 31 31
47x40: 60 60 60 30 30 30
37x36: 52 51 34 17 16 17
46x48: 40 40 40 162 41 40
38x37: 55 55 37 18 18 18
37x36: 41 41 41 21 20 20
40x42: 52 52 51 25 26 25
47x36: 64 63 42 21 21 21
36x40: 17 16 17 50 50 50
42x44: 30 30 30 30 119 30
41x38: 20 20 20 60 60 60
48x45: 68 68 67 34 34 34
36x39: 21 21 21 20 83 20
48x48: 28 28 29 86 87 87
45x44: 56 56 56 28 28 28
47x42: 33 33 32 33 132 33
41x48: 76 75 50 25 25 25
41x49: 55 55 55 28 28 28
39x43: 54 54 54 27 27 27
41x48: 32 32 33 33 131 32
48x43: 34 34 34 138 34 35
37x39: 47 47 32 15 15 15
49x49: 39 38 38 155 38 38
48x49: 73 73 72 37 36 37
49x45: 83 84 55 27 27 27
44x49: 24 23 23 71 71 72
37x50: 70 71 47 23 24 24
39x39: 25 24 25 101 25 24
38x37: 55 54 36 18 18 17
39x40: 56 55 37 18 18 18
48x48: 33 33 33 33 133 33
36x37: 21 21 21 86 21 21
48x43: 66 66 66 33 33 33
47x49: 71 71 71 35 36 36
38x49: 60 60 60 30 29 30
39x42: 27 27 27 108 27 27
46x46: 83 83 56 27 27 28
46x38: 29 29 29 118 29 29
48x40: 76 76 50 25 25 25
40x43: 24 24 25 24 99 24
48x39: 64 63 42 20 21 21
49x49: 77 77 76 38 38 38
50x43: 24 24 24 71 72 72
40x38: 22 22 23 23 91 22
50x43: 83 83 55 28 27 27
39x47: 70 70 46 23 23 23
49x41: 22 22 22 67 67 67
41x42: 61 61 41 20 20 20
43x41: 25 25 25 25 101 25
48x45: 74 74 49 24 25 24
43x43: 20 21 21 63 63 63
39x46: 58 58 58 29 29 29
49x38: 30 30 30 121 30 30
40x44: 31 31 32 127 31 31
49x37: 19 20 19 60 60 60
41x42: 56 56 56 28 27 28
39x42: 63 63 41 20 20 21
36x49: 55 55 55 27 28 28
41x48: 63 64 64 32 32 31
42x48: 30 30 30 30 121 29
43x46: 65 64 64 32 32 32
48x48: 33 33 34 33 135 34
45x38: 55 55 55 27 27 27
36x48: 54 55 54 27 27 27
43x39: 53 53 53 26 26 26
47x38: 64 64 43 21 21 21
45x46: 27 26 26 80 79 80
39x38: 58 57 38 19 19 19
39x44: 19 19 19 60 60 60
50x42: 65 65 66 32 32 33
41x46: 28 27 28 27 110 27
41x44: 66 66 44 21 22 22
38x41: 52 52 35 17 17 17
46x43: 62 62 62 31 31 31
38x48: 20 21 21 62 62 62
39x45: 66 67 44 22 22 21
40x44: 57 57 57 29 28 28
38x47: 55 56 55 27 27 27
36x41: 47 47 47 24 24 23
47x38: 70 71 47 24 23 23
39x41: 22 23 23 23 93 23
42x41: 65 65 44 22 22 21
44x50: 88 87 59 29 29 29
50x39: 61 61 61 31 30 31
48x48: 33 33 34 34 135 33
46x47: 85 84 56 28 28 28
39x49: 61 62 61 31 30 31
49x37: 52 53 53 26 26 26
46x48: 84 84 56 28 28 28
37x38: 51 50 33 17 16 17
43x41: 49 49 49 24 24 24
49x41: 65 65 43 21 22 21
48x37: 68 68 45 22 23 22
36x45: 50 50 50 25 25 25
44x46: 33 34 33 33 134 33
50x49: 71 72 72 36 35 36
42x38: 23 22 23 23 92 23
48x38: 71 70 47 23 23 23
44x50: 64 65 64 32 32 32
39x41: 50 50 50 24 25 24
50x39: 27 28 27 27 112 28
36x50: 56 56 56 28 28 28
43x49: 82 82 55 27 27 27
50x43: 24 23 24 71 71 71
44x39: 26 26 26 25 104 26
44x48: 24 23 24 71 71 70
50x44: 70 71 71 36 35 35
40x43: 67 67 44 22 22 22
45x45: 69 69 46 23 23 23
46x43: 75 75 49 24 25 25
49x40: 62 63 62 31 30 30
50x45: 36 36 36 146 36 37
36x36: 15 15 15 45 45 45
40x40: 43 44 43 22 22 21
43x39: 60 60 40 20 19 20
42x40: 53 54 53 26 26 26
48x46: 32 32 33 32 132 33
48x39: 50 51 50 25 25 25
47x40: 23 23 23 71 71 71
45x43: 75 76 51 25 25 25
46x37: 28 28 28 113 28 28
39x42: 45 45 45 23 22 22
39x37: 45 45 45 22 22 22
47x36: 47 47 47 23 24 23
49x39: 21 21 21 64 64 64
44x38: 31 31 31 126 31 31
38x42: 24 24 24 24 96 24
39x44: 48 48 48 24 24 23
43x40: 46 46 45 23 23 23
45x37: 28 28 28 113 28 28
47x44: 56 56 56 28 28 28
49x49: 31 31 31 94 94 94
48x40: 70 70 47 23 23 23
44x42: 73 74 49 24 24 24
46x44: 79 80 52 26 26 26
45x41: 57 57 57 28 29 28
41x39: 43 43 43 21 21 21
42x50: 30 30 31 31 124 30
48x36: 50 50 50 24 25 25
38x37: 15 15 16 48 47 48
44x36: 52 52 35 18 17 17
49x42: 81 81 53 26 27 26
49x43: 60 60 60 30 30 30
45x37: 47 48 47 23 24 24
43x48: 82 82 54 27 27 26
49x45: 86 86 58 29 29 29
41x49: 22 22 22 68 67 68
43x39: 63 64 42 21 21 21
39x38: 22 22 21 22 89 21
44x39: 56 56 56 28 28 27
43x49: 81 81 54 26 26 27
40x46: 72 72 48 24 24 23
48x38: 71 72 47 24 23 24
40x37: 45 45 46 22 22 22
37x36: 37 37 37 18 18 18
37x46: 53 54 54 27 27 26
45x43: 74 74 50 24 24 25
44x44: 31 31 32 32 126 32
50x43: 32 31 31 31 126 31
44x39: 66 67 45 22 22 21
49x50: 93 93 62 30 31 31
43x39: 64 63 42 20 20 21
39x37: 27 26 26 107 27 27
43x45: 74 74 49 24 25 24
50x45: 88 88 58 28 29 29
47x49: 34 34 34 35 139 34
49x38: 60 60 60 30 29 29
47x45: 35 35 35 141 35 35
39x43: 54 54 54 27 27 27
39x43: 55 55 37 18 18 18
50x45: 72 71 72 35 35 35
49x38: 61 61 41 20 20 20
44x44: 31 31 31 125 31 30
43x47: 72 72 48 24 23 24
50x45: 25 24 24 74 74 74
37x47: 25 25 26 25 102 25
40x41: 62 62 41 20 20 20
37x43: 50 50 49 24 24 24
50x42: 56 57 57 28 28 28
37x38: 23 23 22 93 23 22
41x45: 59 58 59 29 28 29
37x38: 45 45 44 22 22 22
49x39: 28 28 28 28 115 29
39x47: 62 62 42 20 21 20
36x44: 63 63 42 21 21 20
40x43: 28 28 28 114 28 28
49x38: 66 67 44 22 22 22
46x44: 34 34 34 34 138 34
40x39: 28 28 28 114 28 29
49x42: 63 63 63 31 31 32
44x45: 58 57 57 29 29 28
45x50: 37 37 37 151 38 37
38x49: 53 53 52 26 26 26
38x44: 28 28 27 110 27 27
45x40: 63 63 41 20 20 21
42x47: 28 29 29 28 115 28
45x46: 23 23 23 70 69 70
48x42: 29 29 29 29 117 29
38x44: 56 56 37 19 19 19
36x45: 62 62 41 20 20 20
37x44: 18 18 17 53 53 54
36x48: 67 68 45 22 22 23
49x49: 91 91 61 30 30 30
37x46: 66 65 43 22 22 22
49x40: 63 62 63 31 31 31
42x50: 64 65 64 32 32 32
36x44: 62 61 41 20 20 20
45x44: 62 63 62 31 31 31
49x42: 79 78 52 25 26 26
41x38: 23 23 23 23 93 23
36x46: 52 52 52 25 26 25
47x42: 33 33 32 132 33 33
50x47: 35 34 35 34 139 34
50x47: 75 76 75 37 38 37
46x37: 60 60 40 20 20 20
47x45: 35 35 35 143 35 35
50x37: 57 58 58 29 29 29
48x49: 25 25 26 78 78 78
50x45: 37 37 37 151 38 37
44x43: 71 71 47 23 23 24
46x45: 63 64 64 32 32 31
38x38: 43 43 43 21 21 21
37x41: 58 57 38 19 18 19
43x42: 26 26 26 26 104 25
49x48: 94 94 62 30 31 30
39x39: 17 17 17 52 52 52
37x37: 53 52 35 17 18 18
36x49: 29 29 30 30 120 30
50x39: 62 62 62 30 31 31
50x44: 70 69 70 34 35 34
45x47: 75 75 50 24 25 24
49x39: 76 76 50 25 25 25
39x46: 20 19 20 60 60 60
48x50: 69 70 70 34 35 35
48x49: 38 38 38 152 38 37
47x46: 32 32 32 32 130 32
47x48: 62 63 63 31 31 31
48x40: 28 27 28 28 112 27
41x37: 40 40 40 20 19 20
41x49: 58 58 59 29 29 29
47x38: 69 68 45 22 22 22
49x37: 69 68 45 22 22 22
50x44: 87 87 57 29 29 29
47x42: 75 75 50 25 25 24
47x39: 58 57 57 29 28 28
47x38: 33 33 33 133 33 33
36x39: 55 55 37 18 18 18
46x48: 24 24 24 73 74 73
41x39: 19 18 18 55 55 55
50x38: 27 28 27 27 111 28
49x38: 60 59 40 19 20 20
37x49: 22 22 22 68 68 68
45x48: 27 27 27 83 83 82
40x40: 56 55 37 18 18 18
36x41: 39 38 39 19 19 19
38x40: 47 48 47 24 24 23
41x41: 67 66 44 22 22 21
41x48: 64 64 64 31 31 32
45x39: 57 57 57 28 28 28
44x49: 70 70 69 35 35 35
44x37: 18 17 17 54 54 54
38x44: 18 18 19 56 56 57
39x45: 49 49 49 25 24 24
46x44: 78 79 52 25 25 26
42x40: 24 24 25 25 100 25
42x42: 50 50 49 25 25 25
41x49: 63 64 64 32 31 31
49x50: 39 39 39 157 39 39
49x48: 74 74 74 37 37 37
45x45: 36 36 37 148 37 36
49x40: 65 64 43 21 21 21
42x50: 80 80 54 26 26 26
44x36: 62 61 42 20 21 20
45x49: 86 87 57 28 28 29
46x37: 27 28 28 112 28 27
36x39: 53 53 35 17 17 18
39x36: 23 23 23 23 93 23
44x43: 58 59 58 29 29 29
47x39: 70 69 47 23 23 22
45x38: 67 68 45 23 22 22
46x42: 76 75 50 25 25 25
44x48: 66 66 66 32 32 33
41x46: 23 23 23 71 70 70
36x44: 26 26 26 106 26 26
44x49: 83 82 55 27 28 27
41x39: 24 24 23 24 95 24
48x46: 40 40 40 162 41 40
41x49: 80 80 53 26 27 26
44x50: 85 85 57 28 28 28
47x46: 67 67 68 33 33 33
47x49: 71 71 71 35 35 35
46x36: 65 65 43 21 21 22
37x40: 47 48 48 24 24 23
48x45: 58 58 58 29 29 29
46x46: 81 81 53 27 27 27
47x37: 54 55 54 27 27 27
36x46: 21 21 21 64 64 64
38x41: 23 24 23 23 94 23
44x43: 60 59 60 29 30 30
38x50: 31 31 31 126 31 31
44x44: 63 64 42 21 20 20
43x43: 53 52 53 26 26 26
50x44: 25 25 25 76 76 76
39x40: 17 17 17 53 53 53
36x43: 25 25 25 100 24 24
44x46: 79 79 52 26 26 26
42x39: 18 19 19 56 56 56
37x46: 29 28 28 114 28 28
42x39: 54 55 36 18 17 17
40x44: 67 67 44 22 22 22
48x48: 26 26 26 78 78 79
39x49: 60 60 61 29 30 30
47x41: 61 61 60 30 30 30
50x49: 40 40 40 159 39 40
37x38: 53 53 36 18 17 18
50x47: 74 74 74 37 37 37
38x43: 52 52 52 26 26 26
37x38: 15 15 16 47 47 47
48x42: 37 37 37 150 37 37
50x49: 41 41 40 164 40 41
45x47: 68 68 68 34 34 33
40x36: 55 54 37 17 18 18
36x49: 63 63 42 21 21 20
49x46: 32 32 32 32 129 32
50x50: 66 66 66 32 32 33
37x46: 51 51 50 25 25 25
42x46: 24 24 24 72 72 73
48x49: 43 43 43 176 44 44
37x38: 17 18 18 54 54 55
36x50: 70 70 46 23 23 23
36x42: 24 24 24 98 24 24
36x42: 59 59 39 19 19 19
40x40: 58 58 38 20 19 19
44x45: 66 66 43 21 22 22
36x39: 23 23 22 91 22 23
45x41: 30 30 30 29 119 30
46x44: 30 30 30 30 123 30
42x48: 78 78 52 25 26 26
42x50: 71 72 47 23 23 23
47x40: 21 21 21 63 64 64
46x49: 25 25 25 76 76 75
40x38: 49 48 48 24 24 24
48x43: 59 59 59 29 29 29
42x49: 67 66 66 33 33 33
48x36: 69 68 45 23 23 23
46x45: 23 23 23 71 71 72
38x39: 27 27 27 110 28 27
38x50: 64 64 42 21 21 21
37x42: 50 51 51 25 25 25
41x37: 50 50 33 16 16 16
38x50: 35 35 35 142 35 35
37x40: 24 24 23 95 23 24
44x37: 45 45 44 22 22 22
43x49: 66 67 66 33 33 33
47x49: 92 91 61 30 31 30
41x36: 57 57 38 18 19 19
45x38: 49 49 49 25 24 24
43x44: 68 68 45 23 22 22
50x50: 32 31 32 96 95 96
39x46: 69 69 45 22 23 23
50x49: 97 97 64 32 32 32
39x46: 68 68 45 23 22 23
41x44: 58 58 59 29 29 29
42x46: 61 61 60 30 30 30
39x43: 53 53 53 26 26 26
43x38: 26 25 26 105 26 25
46x44: 66 66 65 32 33 33
50x48: 35 36 36 35 145 36
39x49: 74 75 50 25 24 24
39x48: 31 31 31 31 125 31
50x38: 32 32 31 32 127 32
49x48: 91 91 60 29 30 30
48x48: 34 34 34 34 137 34
41x49: 80 80 53 26 26 26
43x48: 60 59 59 30 29 29
48x45: 67 67 67 33 34 33
45x48: 84 84 57 28 28 28
36x47: 58 58 38 18 19 19
42x49: 65 65 65 33 32 32
43x36: 60 60 40 20 20 20
43x37: 46 46 46 23 23 22
40x49: 35 35 35 141 35 35
39x36: 39 39 40 19 20 20
39x40: 61 61 40 20 20 20
38x47: 57 57 56 28 28 28
41x46: 69 69 46 23 22 22
44x49: 70 70 70 35 34 35
39x44: 19 20 19 59 59 59
42x44: 53 52 53 26 26 26
36x41: 58 58 39 19 18 18
47x47: 69 69 69 35 35 34
47x41: 64 63 42 21 21 21
43x41: 54 54 54 27 26 27
50x50: 37 36 36 36 147 37
50x36: 51 51 51 25 25 25
38x44: 65 64 42 21 21 21
49x42: 33 33 33 133 33 33
49x49: 75 74 75 37 37 37
43x39: 45 44 45 22 22 22
46x45: 30 29 29 30 120 30
43x36: 40 41 40 20 20 20
46x38: 29 29 29 117 29 29
36x43: 52 52 34 17 17 17
46x39: 56 57 57 28 28 28
48x46: 62 63 62 31 31 31
45x43: 63 63 41 21 21 21
43x42: 26 26 26 26 106 27
48x37: 68 69 45 23 22 22
48x40: 24 24 25 73 74 73
50x38: 29 29 29 28 114 28
39x46: 70 70 47 23 23 23
48x42: 65 65 65 32 32 32
44x38: 53 53 53 26 26 26
43x39: 52 52 53 26 26 26
46x44: 80 80 53 26 26 26
37x40: 45 46 46 23 22 22
36x36: 43 43 28 14 14 14
49x48: 40 40 39 159 40 39
50x39: 76 76 51 25 25 25
37x42: 44 44 43 21 21 22
49x41: 29 28 29 29 117 29
49x47: 26 26 26 79 79 80
37x39: 21 21 21 22 87 21
43x49: 34 34 34 137 34 34
41x49: 77 77 51 26 25 26
47x50: 91 92 60 30 30 30
42x45: 60 60 60 30 30 30
42x41: 68 68 45 22 22 22
50x45: 71 71 71 36 35 35
38x38: 56 55 37 18 19 19
39x46: 52 52 52 26 26 26
43x38: 54 54 36 18 18 18
50x44: 71 72 71 36 36 35
40x39: 22 22 23 22 91 22
45x42: 54 54 54 27 27 27
43x45: 61 62 62 30 30 30
37x37: 43 43 44 21 21 21
36x40: 51 51 34 17 17 17
39x42: 48 48 49 24 24 24
37x42: 60 60 39 20 20 20
40x48: 28 28 29 28 114 29
37x47: 67 68 45 22 22 22
39x36: 46 45 45 22 23 23
46x45: 82 82 54 27 27 27
44x45: 36 36 36 146 36 36
39x41: 48 47 47 23 23 23
42x39: 45 45 46 22 22 22
40x48: 76 75 50 24 24 24
36x48: 63 62 42 21 20 20
49x37: 56 56 56 28 28 27
39x45: 66 66 44 21 21 22
50x48: 44 43 44 177 44 44
37x42: 23 22 23 22 93 23
48x41: 28 27 28 28 113 28
47x45: 23 23 23 72 72 72
45x39: 68 68 46 22 22 23
39x49: 21 21 21 64 64 63
49x38: 27 28 27 28 111 28
37x44: 51 50 50 25 24 25
50x40: 35 36 36 144 36 36
41x41: 60 60 40 20 20 19
40x38: 59 58 39 20 20 20
43x46: 72 71 47 23 23 23
40x36: 57 56 38 19 19 18
45x39: 67 67 44 22 22 22
43x43: 59 59 59 30 30 29
40x41: 62 62 41 20 20 20
46x45: 65 65 64 32 32 32
46x36: 64 64 42 21 21 21
42x49: 34 33 33 34 136 34
40x37: 56 57 38 18 19 18
42x37: 61 60 40 20 19 20
45x42: 30 30 30 123 30 30
36x44: 62 62 42 21 20 21
37x38: 24 23 23 95 23 23
47x40: 59 59 59 29 29 29
37x43: 52 52 51 25 25 26
40x44: 29 29 29 118 29 29
47x43: 80 80 53 26 26 26
45x44: 33 33 33 133 33 33
41x36: 18 19 19 57 57 58
38x39: 46 46 46 23 23 22
50x37: 60 59 60 29 30 30
41x47: 62 62 42 20 20 20
44x44: 63 63 62 31 31 31
45x40: 52 53 53 26 26 26
50x49: 40 40 39 39 160 40
36x38: 43 43 43 22 21 22
37x47: 53 54 53 27 27 26
38x49: 31 30 31 124 31 30
49x48: 94 93 62 30 31 31
42x48: 79 79 53 26 26 26
47x48: 87 88 58 29 29 29
43x49: 66 66 65 32 33 32
46x44: 66 66 65 33 32 32
47x47: 29 29 28 85 85 86
43x50: 24 24 24 72 72 72
37x43: 60 60 40 19 20 20
37x43: 43 44 43 22 22 22
47x50: 78 78 52 26 26 25
40x50: 64 64 64 31 31 32
41x38: 62 62 41 21 21 20
37x42: 20 20 19 59 59 59
46x50: 33 34 33 34 135 33
41x50: 60 60 61 30 30 30
